
Round: 0
00000000
00000000
00000000
00000000
00000000
00000000
00000000
00000000

Valid moves for 1:
3, 3
3, 4
4, 3
4, 4

Player 1: 4, 3

After move by Player 1
00000000
00000000
00000000
00010000
00000000
00000000
00000000
00000000


Round: 1
00000000
00000000
00000000
00010000
00000000
00000000
00000000
00000000

Valid moves for 2:
3, 3
3, 4
4, 4

Player 2: 3, 3

After move by Player 2
00000000
00000000
00000000
00010000
00020000
00000000
00000000
00000000


Round: 2
00000000
00000000
00000000
00010000
00020000
00000000
00000000
00000000

Valid moves for 1:
3, 4
4, 4

Player 1: 4, 4

After move by Player 1
00000000
00000000
00000000
00011000
00020000
00000000
00000000
00000000


Round: 3
00000000
00000000
00000000
00011000
00020000
00000000
00000000
00000000

Valid moves for 2:
3, 4

Player 2: 3, 4

After move by Player 2
00000000
00000000
00000000
00011000
00022000
00000000
00000000
00000000


Round: 4
00000000
00000000
00000000
00011000
00022000
00000000
00000000
00000000

Valid moves for 1:
2, 2
2, 3
2, 4
2, 5

Player 1: 2, 2

After move by Player 1
00000000
00000000
00000000
00011000
00012000
00100000
00000000
00000000


Round: 5
00000000
00000000
00000000
00011000
00012000
00100000
00000000
00000000

Valid moves for 2:
3, 2
5, 2
5, 4

Player 2: 5, 4

After move by Player 2
00000000
00000000
00002000
00012000
00012000
00100000
00000000
00000000


Round: 6
00000000
00000000
00002000
00012000
00012000
00100000
00000000
00000000

Valid moves for 1:
2, 5
3, 5
4, 5
5, 5
6, 5

Player 1: 2, 5

After move by Player 1
00000000
00000000
00002000
00012000
00011000
00100100
00000000
00000000


Round: 7
00000000
00000000
00002000
00012000
00011000
00100100
00000000
00000000

Valid moves for 2:
1, 1
2, 4
3, 2
4, 2

Player 2: 4, 2

After move by Player 2
00000000
00000000
00002000
00222000
00011000
00100100
00000000
00000000


Round: 8
00000000
00000000
00002000
00222000
00011000
00100100
00000000
00000000

Valid moves for 1:
5, 1
5, 2
5, 3
5, 5
6, 4

Player 1: 5, 1

After move by Player 1
00000000
00000000
01002000
00122000
00011000
00100100
00000000
00000000


Round: 9
00000000
00000000
01002000
00122000
00011000
00100100
00000000
00000000

Valid moves for 2:
1, 1
1, 6
2, 3
2, 4
4, 1

Player 2: 4, 1

After move by Player 2
00000000
00000000
01002000
02222000
00011000
00100100
00000000
00000000


Round: 10
00000000
00000000
01002000
02222000
00011000
00100100
00000000
00000000

Valid moves for 1:
3, 1
5, 2
5, 3
5, 5
6, 4

Player 1: 5, 3

After move by Player 1
00000000
00000000
01012000
02212000
00011000
00100100
00000000
00000000


Round: 11
00000000
00000000
01012000
02212000
00011000
00100100
00000000
00000000

Valid moves for 2:
1, 1
2, 4
3, 2
5, 2
6, 0
6, 1
6, 2
6, 4

Player 2: 5, 2

After move by Player 2
00000000
00000000
01222000
02212000
00011000
00100100
00000000
00000000


Round: 12
00000000
00000000
01222000
02212000
00011000
00100100
00000000
00000000

Valid moves for 1:
3, 1
4, 0
4, 5
5, 5
6, 1
6, 3
6, 4
6, 5

Player 1: 5, 5

After move by Player 1
00000000
00000000
01111100
02211000
00011000
00100100
00000000
00000000


Round: 13
00000000
00000000
01111100
02211000
00011000
00100100
00000000
00000000

Valid moves for 2:
2, 4
4, 5
6, 0
6, 1
6, 2
6, 3
6, 4

Player 2: 6, 2

After move by Player 2
00000000
00200000
01211100
02211000
00011000
00100100
00000000
00000000


Round: 14
00000000
00200000
01211100
02211000
00011000
00100100
00000000
00000000

Valid moves for 1:
3, 1
4, 0
6, 1
7, 1
7, 3

Player 1: 4, 0

After move by Player 1
00000000
00200000
01211100
11111000
00011000
00100100
00000000
00000000


Round: 15
00000000
00200000
01211100
11111000
00011000
00100100
00000000
00000000

Valid moves for 2:
1, 6
3, 0
3, 2
3, 5
5, 0
5, 6

Player 2: 5, 0

After move by Player 2
00000000
00200000
22211100
11111000
00011000
00100100
00000000
00000000


Round: 16
00000000
00200000
22211100
11111000
00011000
00100100
00000000
00000000

Valid moves for 1:
6, 0
6, 1
6, 3
7, 1
7, 2
7, 3

Player 1: 6, 0

After move by Player 1
00000000
10200000
11211100
11111000
00011000
00100100
00000000
00000000


Round: 17
00000000
10200000
11211100
11111000
00011000
00100100
00000000
00000000

Valid moves for 2:
1, 6
3, 0
3, 2
3, 5
5, 6

Player 2: 3, 5

After move by Player 2
00000000
10200000
11221100
11112000
00011200
00100100
00000000
00000000


Round: 18
00000000
10200000
11221100
11112000
00011200
00100100
00000000
00000000

Valid moves for 1:
3, 6
4, 5
6, 1
6, 3
6, 4
7, 2
7, 3

Player 1: 7, 2

After move by Player 1
00100000
10100000
11121100
11112000
00011200
00100100
00000000
00000000


Round: 19
00100000
10100000
11121100
11112000
00011200
00100100
00000000
00000000

Valid moves for 2:
1, 1
1, 5
2, 3
2, 4
3, 1
3, 2
5, 6
6, 4
6, 6
7, 1

Player 2: 2, 3

After move by Player 2
00100000
10100000
11121100
11122000
00021200
00120100
00000000
00000000


Round: 20
00100000
10100000
11121100
11122000
00021200
00120100
00000000
00000000

Valid moves for 1:
1, 2
2, 4
2, 6
3, 2
3, 6
4, 5
6, 4

Player 1: 2, 6

After move by Player 1
00100000
10100000
11111100
11121000
00021100
00120110
00000000
00000000


Round: 21
00100000
10100000
11111100
11121000
00021100
00120110
00000000
00000000

Valid moves for 2:
1, 1
1, 6
2, 1
3, 6
4, 5
6, 1
6, 3
6, 5
6, 6

Player 2: 4, 5

After move by Player 2
00100000
10100000
11111100
11122200
00022100
00120110
00000000
00000000


Round: 22
00100000
10100000
11111100
11122200
00022100
00120110
00000000
00000000

Valid moves for 1:
1, 3
2, 4
3, 2
3, 6
4, 6

Player 1: 2, 4

After move by Player 1
00100000
10100000
11111100
11121200
00011100
00111110
00000000
00000000


Round: 23
00100000
10100000
11111100
11121200
00011100
00111110
00000000
00000000

Valid moves for 2:
1, 2
1, 3
1, 5
1, 6
6, 1
6, 3
6, 5

Player 2: 6, 3

After move by Player 2
00100000
10120000
11122100
11121200
00011100
00111110
00000000
00000000


Round: 24
00100000
10120000
11122100
11121200
00011100
00111110
00000000
00000000

Valid moves for 1:
3, 6
4, 6
5, 6
6, 4
7, 3
7, 4

Player 1: 7, 3

After move by Player 1
00110000
10110000
11112100
11111200
00011100
00111110
00000000
00000000


Round: 25
00110000
10110000
11112100
11111200
00011100
00111110
00000000
00000000

Valid moves for 2:
1, 2
1, 4
1, 5
3, 2
5, 6
6, 5

Player 2: 3, 2

After move by Player 2
00110000
10110000
11112100
11121200
00211100
00111110
00000000
00000000


Round: 26
00110000
10110000
11112100
11121200
00211100
00111110
00000000
00000000

Valid moves for 1:
3, 1
3, 6
4, 6
5, 6
6, 4

Player 1: 6, 4

After move by Player 1
00110000
10111000
11111100
11121200
00211100
00111110
00000000
00000000


Round: 27
00110000
10111000
11111100
11121200
00211100
00111110
00000000
00000000

Valid moves for 2:
1, 2
1, 3
1, 4
1, 5
1, 6
3, 6
6, 1
6, 5

Player 2: 3, 6

After move by Player 2
00110000
10111000
11111100
11121200
00222220
00111110
00000000
00000000


Round: 28
00110000
10111000
11111100
11121200
00222220
00111110
00000000
00000000

Valid moves for 1:
2, 1
2, 7
4, 6
4, 7
5, 6

Player 1: 2, 7

After move by Player 1
00110000
10111000
11111100
11121100
00222210
00111111
00000000
00000000


Round: 29
00110000
10111000
11111100
11121100
00222210
00111111
00000000
00000000

Valid moves for 2:
1, 1
1, 2
1, 3
1, 4
1, 5
1, 6
1, 7
3, 7
4, 6
5, 6
6, 1
6, 5
6, 6
7, 1
7, 4

Player 2: 6, 5

After move by Player 2
00110000
10111200
11112200
11121200
00222210
00111111
00000000
00000000


Round: 30
00110000
10111200
11112200
11121200
00222210
00111111
00000000
00000000

Valid moves for 1:
3, 1
4, 6
5, 6
6, 6
7, 5

Player 1: 7, 5

After move by Player 1
00110100
10111100
11112100
11121100
00222110
00111111
00000000
00000000


Round: 31
00110100
10111100
11112100
11121100
00222110
00111111
00000000
00000000

Valid moves for 2:
1, 1
1, 2
1, 3
1, 4
1, 5
1, 6
3, 7
4, 6
5, 6
6, 1
6, 6
7, 4
7, 6

Player 2: 3, 7

After move by Player 2
00110100
10111100
11112100
11121100
00222222
00111111
00000000
00000000


Round: 32
00110100
10111100
11112100
11121100
00222222
00111111
00000000
00000000

Valid moves for 1:
2, 1
4, 6
4, 7

Player 1: 4, 7

After move by Player 1
00110100
10111100
11112100
11121101
00222211
00111111
00000000
00000000


Round: 33
00110100
10111100
11112100
11121101
00222211
00111111
00000000
00000000

Valid moves for 2:
1, 1
1, 2
1, 3
1, 4
1, 5
1, 6
1, 7
4, 6
5, 6
6, 1
6, 6
7, 1
7, 4
7, 6

Player 2: 7, 4

After move by Player 2
00112100
10112100
11112100
11121101
00222211
00111111
00000000
00000000


Round: 34
00112100
10112100
11112100
11121101
00222211
00111111
00000000
00000000

Valid moves for 1:
2, 1
3, 1
4, 6

Player 1: 4, 6

After move by Player 1
00112100
10112100
11112100
11121111
00222111
00111111
00000000
00000000


Round: 35
00112100
10112100
11112100
11121111
00222111
00111111
00000000
00000000

Valid moves for 2:
1, 1
1, 2
1, 3
1, 4
1, 5
1, 6
3, 0
3, 1
5, 6
6, 1
6, 6
7, 1
7, 6

Player 2: 3, 1

After move by Player 2
00112100
10112100
11122100
11221111
02222111
00111111
00000000
00000000


Round: 36
00112100
10112100
11122100
11221111
02222111
00111111
00000000
00000000

Valid moves for 1:
2, 0
2, 1
3, 0

Player 1: 3, 0

After move by Player 1
00112100
10112100
11122100
11221111
11111111
00111111
00000000
00000000


Round: 37
00112100
10112100
11122100
11221111
11111111
00111111
00000000
00000000

Valid moves for 2:
1, 2
1, 3
1, 4
1, 5
1, 6
1, 7
2, 0
2, 1
5, 6
6, 1
6, 6
7, 1
7, 6

Player 2: 2, 1

After move by Player 2
00112100
10112100
11122100
11221111
11211111
02111111
00000000
00000000


Round: 38
00112100
10112100
11122100
11221111
11211111
02111111
00000000
00000000

Valid moves for 1:
1, 0
1, 1
1, 2
2, 0

Player 1: 2, 0

After move by Player 1
00112100
10112100
11122100
11221111
11211111
11111111
00000000
00000000


Round: 39
00112100
10112100
11122100
11221111
11211111
11111111
00000000
00000000

Valid moves for 2:
1, 0
1, 2
1, 3
1, 4
1, 5
1, 6
1, 7
5, 6
6, 1
6, 6
7, 1
7, 6

Player 2: 1, 3

After move by Player 2
00112100
10112100
11122100
11221111
11221111
11121111
00020000
00000000


Round: 40
00112100
10112100
11122100
11221111
11221111
11121111
00020000
00000000

Valid moves for 1:
0, 2
0, 3
0, 4
1, 2
1, 4

Player 1: 0, 3

After move by Player 1
00112100
10112100
11112100
11211111
11211111
11111111
00010000
00010000


Round: 41
00112100
10112100
11112100
11211111
11211111
11111111
00010000
00010000

Valid moves for 2:
1, 0
1, 2
1, 4
1, 5
5, 6
6, 1
6, 6
7, 1
7, 6

Player 2: 1, 2

After move by Player 2
00112100
10112100
11112100
11211111
11211111
11211111
00210000
00010000


Round: 42
00112100
10112100
11112100
11211111
11211111
11211111
00210000
00010000

Valid moves for 1:
0, 1
0, 2
1, 1

Player 1: 0, 2

After move by Player 1
00112100
10112100
11112100
11111111
11111111
11111111
00110000
00110000


Round: 43
00112100
10112100
11112100
11111111
11111111
11111111
00110000
00110000

Valid moves for 2:
1, 0
1, 4
5, 6
6, 1
6, 6
7, 1
7, 6

Player 2: 1, 4

After move by Player 2
00112100
10112100
11112100
11112111
11112111
11112111
00112000
00110000


Round: 44
00112100
10112100
11112100
11112111
11112111
11112111
00112000
00110000

Valid moves for 1:
0, 5
1, 5

Player 1: 0, 5

After move by Player 1
00112100
10112100
11112100
11112111
11112111
11112111
00111000
00110100


Round: 45
00112100
10112100
11112100
11112111
11112111
11112111
00111000
00110100

Valid moves for 2:
0, 1
0, 4
1, 0
1, 1
1, 6
1, 7
5, 6
5, 7
6, 1
6, 6
7, 1
7, 6

Player 2: 5, 6

After move by Player 2
00112100
10112200
11112220
11112211
11112111
11112111
00111000
00110100


Round: 46
00112100
10112200
11112220
11112211
11112111
11112111
00111000
00110100

Valid moves for 1:
1, 5
5, 7
6, 6
6, 7
7, 6

Player 1: 1, 5

After move by Player 1
00112100
10112200
11112220
11112211
11112111
11111111
00111100
00110100


Round: 47
00112100
10112200
11112220
11112211
11112111
11111111
00111100
00110100

Valid moves for 2:
0, 1
0, 4
1, 0
1, 1
1, 6
1, 7
6, 1
7, 1
7, 6

Player 2: 1, 6

After move by Player 2
00112100
10112200
11112220
11112221
11112121
11111221
00111120
00110100


Round: 48
00112100
10112200
11112220
11112221
11112121
11111221
00111120
00110100

Valid moves for 1:
0, 7
1, 7
5, 7
6, 6
6, 7
7, 6

Player 1: 0, 7

After move by Player 1
00112100
10112200
11112220
11112221
11111121
11111121
00111110
00110101


Round: 49
00112100
10112200
11112220
11112221
11111121
11111121
00111110
00110101

Valid moves for 2:
0, 1
0, 4
0, 6
1, 0
1, 1
6, 1
7, 1
7, 6

Player 2: 0, 1

After move by Player 2
00112100
10112200
11112220
11112221
11112121
11121121
00211110
02110101


Round: 50
00112100
10112200
11112220
11112221
11112121
11121121
00211110
02110101

Valid moves for 1:
0, 0
1, 1
1, 7
5, 7
6, 6
7, 6

Player 1: 1, 7

After move by Player 1
00112100
10112200
11112220
11112221
11112121
11121111
00211111
02110101


Round: 51
00112100
10112200
11112220
11112221
11112121
11121111
00211111
02110101

Valid moves for 2:
0, 4
0, 6
1, 0
1, 1
6, 1
7, 1
7, 6

Player 2: 1, 1

After move by Player 2
00112100
10112200
11112220
11112221
11122121
11221111
02211111
02110101


Round: 52
00112100
10112200
11112220
11112221
11122121
11221111
02211111
02110101

Valid moves for 1:
0, 0
1, 0
5, 7
6, 6
7, 6

Player 1: 0, 0

After move by Player 1
00112100
10112200
11112220
11112221
11122121
11221111
02211111
11110101


Round: 53
00112100
10112200
11112220
11112221
11122121
11221111
02211111
11110101

Valid moves for 2:
0, 4
0, 6
1, 0
6, 1
7, 1
7, 6

Player 2: 1, 0

After move by Player 2
00112100
10112200
11112220
11122221
11222121
12221111
22211111
11110101


Round: 54
00112100
10112200
11112220
11122221
11222121
12221111
22211111
11110101

Valid moves for 1:
5, 7
6, 6
6, 7

Player 1: 6, 7

After move by Player 1
00112100
10112201
11112210
11122121
11221121
12211111
22111111
11110101


Round: 55
00112100
10112201
11112210
11122121
11221121
12211111
22111111
11110101

Valid moves for 2:
0, 4
0, 6
5, 7
6, 1
6, 6
7, 0
7, 1
7, 6

Player 2: 7, 0

After move by Player 2
20112100
20112201
21112210
21122121
21221121
22211111
22111111
11110101


Round: 56
20112100
20112201
21112210
21122121
21221121
22211111
22111111
11110101

Valid moves for 1:
5, 7
6, 6

Player 1: 5, 7

After move by Player 1
20112100
20112201
21112211
21122111
21221121
22211111
22111111
11110101


Round: 57
20112100
20112201
21112211
21122111
21221121
22211111
22111111
11110101

Valid moves for 2:
0, 4
0, 6
6, 1
6, 6
7, 1
7, 6

Player 2: 0, 4

After move by Player 2
20112100
20112201
21112211
21122111
21222121
22212111
22122111
11112101


Round: 58
20112100
20112201
21112211
21122111
21222121
22212111
22122111
11112101

Valid moves for 1:
6, 6

Player 1: 6, 6

After move by Player 1
20112100
20111111
21112111
21121111
21212121
22112111
21122111
11112101


Round: 59
20112100
20111111
21112111
21121111
21212121
22112111
21122111
11112101

Valid moves for 2:
0, 6
6, 1
7, 1
7, 6

Player 2: 0, 6

After move by Player 2
20112100
20111111
21112111
21121111
21212121
22112121
21122221
11112221


Round: 60
20112100
20111111
21112111
21121111
21212121
22112121
21122221
11112221

Valid moves for 1:

Player 1 can't move

Round: 60
20112100
20111111
21112111
21121111
21212121
22112121
21122221
11112221

Valid moves for 2:
6, 1
7, 1
7, 6

Player 2: 7, 1

After move by Player 2
22222100
20211111
21122111
21122111
21212221
22112121
21122221
11112221


Round: 61
22222100
20211111
21122111
21122111
21212221
22112121
21122221
11112221

Valid moves for 1:
6, 1

Player 1: 6, 1

After move by Player 1
22222100
21111111
21122111
21122111
21212221
22112121
21122221
11112221


Round: 62
22222100
21111111
21122111
21122111
21212221
22112121
21122221
11112221

Valid moves for 2:
7, 6
7, 7

Player 2: 7, 6

After move by Player 2
22222220
21111221
21122121
21122121
21212221
22112121
21122221
11112221


Round: 63
22222220
21111221
21122121
21122121
21212221
22112121
21122221
11112221

Valid moves for 1:
7, 7

Player 1: 7, 7

After move by Player 1
22222221
21111211
21122121
21122121
21212221
22112121
21122221
11112221


Round: 64
22222221
21111211
21122121
21122121
21212221
22112121
21122221
11112221

Valid moves for 2:

Player 2 can't move

Round: 64
22222221
21111211
21122121
21122121
21212221
22112121
21122221
11112221

Valid moves for 1:

Player 1 can't move

Black: 30
White: 34

